17.6526
14.1311
14.7974
12.9194
12.3277
17.4796
18.4208
16.8081
13.4651
12.4227
12.8808
12.3489
13.2567
11.3666
11.5094
10.2364
9.0602
8.7713
8.6959
7.0110
6.9620
6.2702
6.3247
6.5010
7.2965
5.4743
5.5191
5.6911
5.9684
5.4967
5.5965
5.0142
5.7419
4.7609
4.7932
5.3901
5.3639
5.6305
5.7590
5.8029
4.4983
4.8307
4.9848
3.8644
4.5714
5.4255
5.1532
4.7049
5.4692
5.2032
5.6139
4.5161
4.8967
4.6845
5.3218
4.8471
6.4337
6.7941
4.0955
5.5658
5.2913
5.1219
5.7510
4.7848
4.6739
4.3978
3.7566
4.1686
3.9529
4.9617
4.7647
4.3138
3.5436
5.0032
4.5403
4.4675
4.9389
4.8178
4.7292
4.4422
4.5449
3.8886
3.5518
4.7672
5.1722
4.6644
4.3196
5.8055
4.7188
3.4930
5.4503
6.4241
3.7693
5.1849
5.4194
4.8179
5.0232
4.2978
4.8236
4.6622
4.7383
4.7429
5.0909
4.9479
4.7695
4.2426
3.8828
7.1068
7.7176
7.1127
5.3703
5.4803
3.3937
6.2196
6.9356
4.5413
5.0970
4.7727
4.2267
5.2355
3.3962
4.3873
4.3986
3.1640
3.7190
5.1506
3.2153
5.2640
4.5887
4.6034
5.9289
6.7179
5.2023
5.7517
4.6720
5.5482
4.7892
5.1687
4.5783
5.1857
6.0778
5.4232
4.0894
3.3841
4.4130
3.5577
4.5099
3.5092
3.9832
4.1714
3.4976
3.3122
2.8191
4.3849
4.8642
3.4999
5.6294
4.8659
4.6965
4.4199
5.3110
4.7097
4.0040
4.0286
4.5632
4.1813
4.1973
4.4101
2.8579
4.2922
3.5325
5.9028
4.7546
4.3338
4.7449
4.2644
3.8446
3.3960
4.0525
6.5153
5.0504
4.5844
4.2849
4.8292
4.1995
4.2683
4.3778
4.4809
4.0159
4.1355
3.6008
3.8295
4.3914
5.6436
3.9154
4.1919
4.6270
4.4305
4.0944
4.2101
4.4269
4.3986
4.0362
4.0335
3.0443
4.0553
4.6573
5.7942
4.5934
4.6440
4.8753
6.5656
4.2436
4.3779
4.3428
4.5095
4.0245
4.8242
4.0590
4.3362
4.5423
3.2880
3.4772
4.1474
4.9157
4.3731
4.2035
4.5473
4.0714
4.2307
4.2820
3.8303
3.3718
4.0487
3.1725
3.7885
4.4147
4.3133
4.1696
4.1652
3.8896
4.0244
4.2605
4.2557
4.2503
3.4695
3.9216
3.7772
3.9939
4.0766
3.3447
4.2578
3.8055
3.8618
3.7797
4.0564
4.8840
3.9172
3.9234
2.9879
5.8071
5.1447
4.7169
5.1612
4.3729
4.9920
4.2921
3.8352
4.1334
3.6631
5.8081
4.2744
4.0919
5.7983
3.4138
4.2931
4.4270
5.7805
4.3394
4.9112
3.5859
4.1597
4.1458
3.5588
2.9000
3.7720
3.9613
3.9713
4.0737
4.3669
4.0200
4.0218
4.0397
4.0439
4.1622
3.9676
4.3492
4.6412
4.6253
3.9429
4.4344
4.5787
4.0965
4.0437
3.6455
3.8123
3.9532
3.4346
3.3525
4.3449
3.9995
3.6947
3.6403
4.0321
4.0191
3.2466
3.6411
4.3514
3.9746
4.1434
3.8015
